Metric (key = "distance") {float {0.01}}
Metric (key = "angle") {float {1}}
Metric (key = "time") {float {1}}
Metric (key = "up") {string {"z"}}

GeometryNode $node1
{
	Name {string {"commander8_margaery_low"}}
	ObjectRef {ref {$geometry1}}
	MaterialRef {ref {$material1}}

	Transform
	{
		float[16]
		{
			{0x3F800000, 0x00000000, 0x00000000, 0x00000000,		// {1, 0, 0, 0,
			 0x00000000, 0x3F800000, 0x00000000, 0x00000000,		//  0, 1, 0, 0,
			 0x00000000, 0x00000000, 0x3F800000, 0x00000000,		//  0, 0, 1, 0,
			 0x00000000, 0x00000000, 0x00000000, 0x3F800000}		//  0, 0, 0, 1}
		}
	}
}

BoneNode $node2
{
	Name {string {"Bip001"}}

	Transform %transform
	{
		float[16]
		{
			{0x35D80000, 0xBF7FFFFF, 0x00000000, 0x00000000,		// {1.60933e-06, -1, 0, 0,
			 0x3F7FFFFF, 0x35D80000, 0x00000000, 0x00000000,		//  1, 1.60933e-06, 0, 0,
			 0x00000000, 0x80000000, 0x3F800000, 0x00000000,		//  0, -0, 1, 0,
			 0x00000000, 0xC05C1F8D, 0x430042B9, 0x3F800000}		//  0, -3.43943, 128.261, 1}
		}
	}

	Transform (object = true)
	{
		float[16]
		{
			{0x3F0B543F, 0x00000000, 0x00000000, 0x00000000,		// {0.544254, 0, 0, 0,
			 0x00000000, 0x3F0B543F, 0x00000000, 0x00000000,		//  0, 0.544254, 0, 0,
			 0x00000000, 0x00000000, 0x3F0B543F, 0x00000000,		//  0, 0, 0.544254, 0,
			 0x00000000, 0x00000000, 0x00000000, 0x3F800000}		//  0, 0, 0, 1}
		}
	}

	Animation
	{
		Track (target = %transform)
		{
			Time
			{
				Key {float {0, 0.0333333, 0.0666667, 0.1, 0.133333, 0.166667, 0.2, 0.233333, 0.266667, 0.3, 0.333333, 0.366667, 0.4, 0.433333, 0.466667, 0.5, 0.533333, 0.566667, 0.6, 0.633333, 0.666667, 0.7, 0.733333, 0.766667, 0.8, 0.833333, 0.866667, 0.9, 0.933333, 0.966667, 1, 1.03333, 1.06667, 1.1, 1.13333, 1.16667, 1.2, 1.23333, 1.26667, 1.3, 1.33333, 1.36667, 1.4, 1.43333, 1.46667, 1.5, 1.53333, 1.56667, 1.6, 1.63333, 1.66667, 1.7, 1.73333, 1.76667, 1.8, 1.83333, 1.86667, 1.9, 1.93333, 1.96667, 2, 2.03333, 2.06667, 2.1, 2.13333, 2.16667, 2.2, 2.23333, 2.26667, 2.3, 2.33333, 2.36667, 2.4, 2.43333, 2.46667, 2.5, 2.53333, 2.56667, 2.6, 2.63333, 2.66667, 2.7, 2.73333, 2.76667, 2.8, 2.83333, 2.86667, 2.9, 2.93333, 2.96667, 3, 3.03333, 3.06667, 3.1, 3.13333, 3.16667, 3.2, 3.23333, 3.26667, 3.3, 3.33333, 3.36667, 3.4, 3.43333, 3.46667, 3.5, 3.53333, 3.56667, 3.6, 3.63333, 3.66667, 3.7, 3.73333, 3.76667, 3.8, 3.83333, 3.86667, 3.9, 3.93333, 3.96667, 4, 4.03333, 4.06667, 4.1, 4.13333, 4.16667, 4.2, 4.23333, 4.26667, 4.3, 4.33333, 4.36667, 4.4, 4.43333, 4.46667, 4.5, 4.53333, 4.56667, 4.6, 4.63333, 4.66667, 4.7, 4.73333, 4.76667, 4.8, 4.83333, 4.86667, 4.9, 4.93333, 4.96667, 5, 5.03333, 5.06667, 5.1, 5.13333, 5.16667, 5.2, 5.23333, 5.26667, 5.3, 5.33333, 5.36667, 5.4, 5.43333, 5.46667, 5.5, 5.53333, 5.56667, 5.6, 5.63333, 5.66667, 5.7, 5.73333, 5.76667, 5.8, 5.83333, 5.86667, 5.9, 5.93333, 5.96667, 6, 6.03333, 6.06667, 6.1, 6.13333, 6.16667, 6.2, 6.23333, 6.26667, 6.3, 6.33333, 6.36667, 6.4, 6.43333, 6.46667, 6.5, 6.53333, 6.56667, 6.6, 6.63333, 6.66667, 6.7, 6.73333, 6.76667, 6.8, 6.83333, 6.86667, 6.9, 6.93333, 6.96667, 7, 7.03333, 7.06667, 7.1, 7.13333, 7.16667, 7.2, 7.23333, 7.26667, 7.3, 7.33333, 7.36667, 7.4, 7.43333, 7.46667, 7.5, 7.53333, 7.56667, 7.6, 7.63333, 7.66667, 7.7, 7.73333, 7.76667, 7.8, 7.83333, 7.86667, 7.9, 7.93333, 7.96667, 8, 8.03333, 8.06667, 8.1, 8.13333, 8.16667, 8.2, 8.23333, 8.26667, 8.3, 8.33333, 8.36667, 8.4, 8.43333, 8.46667, 8.5, 8.53333, 8.56667, 8.6, 8.63333, 8.66667, 8.7, 8.73333, 8.76667, 8.8, 8.83333, 8.86667, 8.9, 8.93333, 8.96667, 9, 9.03333, 9.06667, 9.1, 9.13333, 9.16667, 9.2, 9.23333, 9.26667, 9.3, 9.33333, 9.36667, 9.4, 9.43333, 9.46667, 9.5, 9.53333, 9.56667, 9.6, 9.63333, 9.66667, 9.7, 9.73333, 9.76667, 9.8, 9.83333, 9.86667, 9.9, 9.93333, 9.96667, 10, 10.0333, 10.0667, 10.1, 10.1333, 10.1667, 10.2, 10.2333, 10.2667, 10.3, 10.3333, 10.3667, 10.4, 10.4333, 10.4667, 10.5, 10.5333, 10.5667, 10.6, 10.6333, 10.6667, 10.7, 10.7333, 10.7667, 10.8, 10.8333, 10.8667, 10.9, 10.9333, 10.9667, 11, 11.0333, 11.0667, 11.1, 11.1333, 11.1667, 11.2, 11.2333, 11.2667, 11.3, 11.3333, 11.3667, 11.4, 11.4333, 11.4667, 11.5, 11.5333, 11.5667, 11.6, 11.6333, 11.6667, 11.7, 11.7333, 11.7667, 11.8, 11.8333, 11.8667, 11.9, 11.9333, 11.9667, 12, 12.0333, 12.0667, 12.1, 12.1333, 12.1667, 12.2, 12.2333, 12.2667, 12.3, 12.3333, 12.3667, 12.4, 12.4333, 12.4667, 12.5, 12.5333, 12.5667, 12.6, 12.6333, 12.6667, 12.7, 12.7333, 12.7667, 12.8, 12.8333, 12.8667, 12.9, 12.9333, 12.9667, 13, 13.0333, 13.0667, 13.1, 13.1333, 13.1667, 13.2, 13.2333, 13.2667, 13.3, 13.3333, 13.3667, 13.4, 13.4333, 13.4667, 13.5, 13.5333, 13.5667, 13.6, 13.6333, 13.6667, 13.7, 13.7333, 13.7667, 13.8, 13.8333, 13.8667, 13.9, 13.9333, 13.9667, 14, 14.0333, 14.0667, 14.1, 14.1333, 14.1667, 14.2, 14.2333, 14.2667, 14.3, 14.3333, 14.3667, 14.4, 14.4333, 14.4667, 14.5, 14.5333, 14.5667, 14.6, 14.6333, 14.6667, 14.7, 14.7333, 14.7667, 14.8, 14.8333, 14.8667, 14.9, 14.9333, 14.9667, 15, 15.0333, 15.0667, 15.1, 15.1333, 15.1667, 15.2, 15.2333, 15.2667, 15.3, 15.3333, 15.3667, 15.4, 15.4333, 15.4667, 15.5, 15.5333, 15.5667, 15.6, 15.6333, 15.6667, 15.7, 15.7333, 15.7667, 15.8, 15.8333, 15.8667, 15.9, 15.9333, 15.9667, 16, 16.0333, 16.0667, 16.1, 16.1333, 16.1667, 16.2, 16.2333, 16.2667, 16.3, 16.3333, 16.3667, 16.4, 16.4333, 16.4667, 16.5, 16.5333, 16.5667, 16.6, 16.6333, 16.6667, 16.7, 16.7333, 16.7667, 16.8, 16.8333, 16.8667, 16.9, 16.9333, 16.9667, 17, 17.0333, 17.0667, 17.1, 17.1333, 17.1667, 17.2, 17.2333, 17.2667, 17.3, 17.3333, 17.3667, 17.4, 17.4333, 17.4667, 17.5, 17.5333, 17.5667, 17.6, 17.6333, 17.6667, 17.7, 17.7333, 17.7667, 17.8, 17.8333, 17.8667, 17.9, 17.9333, 17.9667, 18}}
			}

			Value
			{
				Key
				{
					float[16]
					{
						{1.60933e-06, -1, 0, 0, 1, 1.60933e-06, 0, 0, 0, -0, 1, 0, 0, -3.43943, 128.261, 1},
						{1.60933e-06, -1, 0, 0, 1, 1.60933e-06, 0, 0, 0, -0, 1, 0, 0, -3.43943, 128.261, 1},
						{1.60933e-06, -1, 0, 0, 1, 1.60933e-06, 0, 0, 0, -0, 1, 0, 0, -3.43943, 128.261, 1},
						{1.60933e-06, -1, 0, 0, 1, 1.60933e-06, 0, 0, 0, -0, 1, 0, 0, -3.43943, 128.261, 1},
						{1.60933e-06, -1, 0, 0, 1, 1.60933e-06, 0, 0, 0, -0, 1, 0, 0, -3.43943, 128.261, 1},
						{1.60933e-06, -1, 0, 0, 1, 1.60933e-06, 0, 0, 0, -0, 1, 0, 0, -3.43943, 128.261, 1},
						{1.54972e-06, -1, 0, 0, 1, 1.54972e-06, 0, 0, 0, -0, 1, 0, 0, -3.43943, 128.261, 1},
						{-0.109665, -0.993893, -0.0122756, 0, 0.993967, -0.109638, -0.0028674, 0, 0.00150402, -0.012516, 0.999921, 0, -0.865052, -7.32068, 127.848, 1},
						{-0.236903, -0.97118, -0.0262067, 0, 0.971532, -0.236775, -0.00793787, 0, 0.00150401, -0.0273411, 0.999625, 0, -1.88276, -11.8869, 127.363, 1},
						{-0.342019, -0.938947, -0.0374471, 0, 0.939693, -0.341748, -0.0136296, 0, -5.58794e-09, -0.0398504, 0.999206, 0, -2.74781, -15.7681, 126.951, 1},
						{-0.342019, -0.938947, -0.0374471, 0, 0.939693, -0.341747, -0.0136296, 0, -5.58794e-09, -0.0398504, 0.999206, 0, -2.74781, -15.7681, 126.951, 1},
						{-0.343005, -0.938587, -0.0374471, 0, 0.939334, -0.342734, -0.0136296, 0, -4.18555e-05, -0.0398504, 0.999206, 0, -2.81895, -15.9255, 126.915, 1},
						{-0.344065, -0.938199, -0.0374471, 0, 0.938946, -0.343795, -0.0136296, 0, -8.68868e-05, -0.0398503, 0.999206, 0, -2.8955, -16.0948, 126.877, 1},
						{-0.34519, -0.937785, -0.0374471, 0, 0.938533, -0.344921, -0.0136296, 0, -0.000134686, -0.0398502, 0.999206, 0, -2.97674, -16.2745, 126.836, 1},
						{-0.34637, -0.93735, -0.0374471, 0, 0.938098, -0.346102, -0.0136296, 0, -0.00018483, -0.03985, 0.999206, 0, -3.06197, -16.4631, 126.794, 1},
						{-0.347595, -0.936897, -0.0374471, 0, 0.937645, -0.347328, -0.0136296, 0, -0.000236902, -0.0398497, 0.999206, 0, -3.15048, -16.6589, 126.75, 1},
						{-0.348854, -0.936428, -0.0374471, 0, 0.937177, -0.348588, -0.0136296, 0, -0.000290494, -0.0398493, 0.999206, 0, -3.24156, -16.8604, 126.704, 1},
						{-0.350139, -0.935949, -0.0374471, 0, 0.936698, -0.349874, -0.0136296, 0, -0.00034518, -0.0398489, 0.999206, 0, -3.33452, -17.066, 126.658, 1},
						{-0.351439, -0.935461, -0.0374471, 0, 0.936211, -0.351175, -0.0136296, 0, -0.000400551, -0.0398484, 0.999206, 0, -3.42864, -17.2743, 126.61, 1},
						{-0.352745, -0.93497, -0.0374471, 0, 0.935719, -0.352482, -0.0136296, 0, -0.000456186, -0.0398478, 0.999206, 0, -3.52321, -17.4835, 126.563, 1},
						{-0.354047, -0.934478, -0.0374471, 0, 0.935228, -0.353785, -0.0136296, 0, -0.000511672, -0.0398471, 0.999206, 0, -3.61752, -17.6921, 126.516, 1},
						{-0.355335, -0.933989, -0.0374471, 0, 0.934739, -0.355074, -0.0136296, 0, -0.000566596, -0.0398464, 0.999206, 0, -3.71088, -17.8986, 126.469, 1},
						{-0.356598, -0.933507, -0.0374471, 0, 0.934258, -0.356338, -0.0136296, 0, -0.000620531, -0.0398456, 0.999206, 0, -3.80257, -18.1015, 126.423, 1},
						{-0.357829, -0.933036, -0.0374471, 0, 0.933787, -0.35757, -0.0136296, 0, -0.000673074, -0.0398447, 0.999206, 0, -3.89188, -18.2991, 126.379, 1},
						{-0.359017, -0.93258, -0.0374471, 0, 0.933331, -0.358758, -0.0136296, 0, -0.000723803, -0.0398438, 0.999206, 0, -3.97812, -18.4898, 126.336, 1},
						{-0.360151, -0.932142, -0.0374471, 0, 0.932894, -0.359894, -0.0136296, 0, -0.000772296, -0.0398429, 0.999206, 0, -4.06056, -18.6722, 126.294, 1},
						{-0.361224, -0.931727, -0.0374471, 0, 0.932479, -0.360968, -0.0136296, 0, -0.000818148, -0.039842, 0.999206, 0, -4.13851, -18.8446, 126.255, 1},
						{-0.362224, -0.931338, -0.0374471, 0, 0.93209, -0.361969, -0.0136296, 0, -0.000860939, -0.0398411, 0.999206, 0, -4.21126, -19.0056, 126.219, 1},
						{-0.363143, -0.930981, -0.0374471, 0, 0.931733, -0.362888, -0.0136296, 0, -0.00090025, -0.0398402, 0.999206, 0, -4.27809, -19.1534, 126.186, 1},
						{-0.363971, -0.930657, -0.0374471, 0, 0.93141, -0.363717, -0.0136296, 0, -0.000935668, -0.0398394, 0.999206, 0, -4.33831, -19.2866, 126.155, 1},
						{-0.364697, -0.930373, -0.0374471, 0, 0.931126, -0.364444, -0.0136296, 0, -0.000966782, -0.0398387, 0.999206, 0, -4.3912, -19.4037, 126.129, 1},
						{-0.365313, -0.930131, -0.0374471, 0, 0.930884, -0.36506, -0.0136296, 0, -0.000993164, -0.039838, 0.999206, 0, -4.43607, -19.5029, 126.107, 1},
						{-0.365809, -0.929936, -0.0374471, 0, 0.930689, -0.365557, -0.0136296, 0, -0.00101441, -0.0398375, 0.999206, 0, -4.47219, -19.5828, 126.088, 1},
						{-0.366176, -0.929792, -0.0374471, 0, 0.930545, -0.365924, -0.0136296, 0, -0.0010301, -0.0398371, 0.999206, 0, -4.49887, -19.6418, 126.075, 1},
						{-0.366403, -0.929703, -0.0374471, 0, 0.930456, -0.36615, -0.0136296, 0, -0.00103982, -0.0398368, 0.999206, 0, -4.5154, -19.6784, 126.067, 1},
						{-0.36648, -0.929672, -0.0374471, 0, 0.930425, -0.366228, -0.0136296, 0, -0.00104315, -0.0398367, 0.999206, 0, -4.52106, -19.6909, 126.064, 1},
						{-0.366403, -0.929703, -0.0374471, 0, 0.930456, -0.36615, -0.0136296, 0, -0.00103982, -0.0398368, 0.999206, 0, -4.5154, -19.6784, 126.067, 1},
						{-0.366176, -0.929792, -0.0374471, 0, 0.930545, -0.365924, -0.0136296, 0, -0.0010301, -0.0398371, 0.999206, 0, -4.49887, -19.6418, 126.075, 1},
						{-0.365809, -0.929936, -0.0374471, 0, 0.930689, -0.365557, -0.0136296, 0, -0.00101441, -0.0398375, 0.999206, 0, -4.47219, -19.5828, 126.088, 1},
						{-0.365313, -0.930131, -0.0374471, 0, 0.930884, -0.36506, -0.0136296, 0, -0.000993164, -0.039838, 0.999206, 0, -4.43607, -19.5029, 126.107, 1},
						{-0.364697, -0.930373, -0.0374471, 0, 0.931126, -0.364444, -0.0136296, 0, -0.000966782, -0.0398387, 0.999206, 0, -4.3912, -19.4037, 126.129, 1},
						{-0.363971, -0.930657, -0.0374471, 0, 0.93141, -0.363717, -0.0136296, 0, -0.000935668, -0.0398394, 0.999206, 0, -4.33831, -19.2866, 126.155, 1},
						{-0.363143, -0.930981, -0.0374471, 0, 0.931733, -0.362888, -0.0136296, 0, -0.00090025, -0.0398402, 0.999206, 0, -4.27809, -19.1534, 126.186, 1},
						{-0.362224, -0.931338, -0.0374471, 0, 0.93209, -0.361969, -0.0136296, 0, -0.000860939, -0.0398411, 0.999206, 0, -4.21126, -19.0056, 126.219, 1},
						{-0.361224, -0.931727, -0.0374471, 0, 0.932479, -0.360968, -0.0136296, 0, -0.000818148, -0.039842, 0.999206, 0, -4.13851, -18.8446, 126.255, 1},
						{-0.360151, -0.932142, -0.0374471, 0, 0.932894, -0.359894, -0.0136296, 0, -0.000772296, -0.0398429, 0.999206, 0, -4.06056, -18.6722, 126.294, 1},
						{-0.359017, -0.93258, -0.0374471, 0, 0.933331, -0.358758, -0.0136296, 0, -0.000723803, -0.0398438, 0.999206, 0, -3.97812, -18.4898, 126.336, 1},
						{-0.357829, -0.933036, -0.0374471, 0, 0.933787, -0.35757, -0.0136296, 0, -0.000673074, -0.0398447, 0.999206, 0, -3.89188, -18.2991, 126.379, 1},
						{-0.356598, -0.933507, -0.0374471, 0, 0.934258, -0.356338, -0.0136296, 0, -0.000620531, -0.0398456, 0.999206, 0, -3.80257, -18.1015, 126.423, 1},
						{-0.355335, -0.933989, -0.0374471, 0, 0.934739, -0.355074, -0.0136296, 0, -0.000566596, -0.0398464, 0.999206, 0, -3.71088, -17.8986, 126.469, 1},
						{-0.354047, -0.934478, -0.0374471, 0, 0.935228, -0.353785, -0.0136296, 0, -0.000511674, -0.0398471, 0.999206, 0, -3.61752, -17.6921, 126.516, 1},
						{-0.352745, -0.93497, -0.0374471, 0, 0.935719, -0.352482, -0.0136296, 0, -0.000456186, -0.0398478, 0.999206, 0, -3.52321, -17.4835, 126.563, 1},
						{-0.351439, -0.935461, -0.0374471, 0, 0.936211, -0.351175, -0.0136296, 0, -0.000400551, -0.0398484, 0.999206, 0, -3.42864, -17.2743, 126.61, 1},
						{-0.350139, -0.935949, -0.0374471, 0, 0.936698, -0.349874, -0.0136296, 0, -0.00034518, -0.0398489, 0.999206, 0, -3.33452, -17.066, 126.658, 1},
						{-0.348854, -0.936428, -0.0374471, 0, 0.937177, -0.348588, -0.0136296, 0, -0.000290494, -0.0398493, 0.999206, 0, -3.24156, -16.8604, 126.704, 1},
						{-0.347595, -0.936897, -0.0374471, 0, 0.937645, -0.347328, -0.0136296, 0, -0.000236902, -0.0398497, 0.999206, 0, -3.15048, -16.6589, 126.75, 1},
						{-0.34637, -0.93735, -0.0374471, 0, 0.938098, -0.346102, -0.0136296, 0, -0.00018483, -0.03985, 0.999206, 0, -3.06197, -16.4631, 126.794, 1},
						{-0.34519, -0.937785, -0.0374471, 0, 0.938533, -0.344921, -0.0136296, 0, -0.000134686, -0.0398502, 0.999206, 0, -2.97674, -16.2745, 126.836, 1},
						{-0.344065, -0.938199, -0.0374471, 0, 0.938946, -0.343795, -0.0136296, 0, -8.68868e-05, -0.0398503, 0.999206, 0, -2.8955, -16.0948, 126.877, 1},
						{-0.343005, -0.938587, -0.0374471, 0, 0.939334, -0.342734, -0.0136296, 0, -4.18555e-05, -0.0398504, 0.999206, 0, -2.81895, -15.9255, 126.915, 1},
						{-0.342019, -0.938947, -0.0374471, 0, 0.939693, -0.341747, -0.0136296, 0, -5.58794e-09, -0.0398504, 0.999206, 0, -2.74781, -15.7681, 126.951, 1},
						{-0.342019, -0.938947, -0.0374471, 0, 0.939693, -0.341747, -0.0136296, 0, -5.58794e-09, -0.0398504, 0.999206, 0, -2.74781, -15.7681, 126.951, 1},
						{-0.303838, -0.950651, -0.0628133, 0, 0.952716, -0.303442, -0.0159768, 0, -0.00387183, -0.0646976, 0.997897, 0, -2.1499, -13.9408, 124.778, 1},
						{-0.262448, -0.960747, -0.0899251, 0, 0.964922, -0.261965, -0.0173457, 0, -0.00689242, -0.091323, 0.995797, 0, -1.51167, -11.9903, 122.459, 1},
						{-0.218731, -0.968607, -0.118144, 0, 0.975746, -0.218206, -0.0175196, 0, -0.00881, -0.11911, 0.992842, 0, -0.846573, -9.95773, 120.041, 1},
						{-0.173639, -0.973804, -0.146815, 0, 0.984764, -0.173124, -0.0163793, 0, -0.00946705, -0.147423, 0.989028, 0, -0.168038, -7.88406, 117.576, 1},
						{-0.128183, -0.976137, -0.175286, 0, 0.991712, -0.12773, -0.0139112, 0, -0.00880992, -0.175616, 0.984419, 0, 0.510496, -5.81039, 115.11, 1},
						{-0.0833992, -0.975638, -0.202918, 0, 0.996492, -0.0830582, -0.0102105, 0, -0.00689223, -0.203058, 0.979143, 0, 1.17559, -3.77778, 112.692, 1},
						{-0.040331, -0.972566, -0.229105, 0, 0.999179, -0.0401446, -0.005476, 0, -0.00387157, -0.229138, 0.973386, 0, 1.81382, -1.8273, 110.373, 1},
						{1.43051e-06, -0.967391, -0.253287, 0, 1, 1.49012e-06, 5.96046e-08, 0, 3.27826e-07, -0.253287, 0.967391, 0, 2.41174, -0, 108.2, 1},
						{1.43051e-06, -0.967391, -0.253287, 0, 1, 1.49012e-06, 5.96046e-08, 0, 3.27826e-07, -0.253287, 0.967391, 0, 2.41174, -0, 108.2, 1},
						{1.43051e-06, -0.967391, -0.253287, 0, 1, 1.49012e-06, 4.47035e-08, 0, 3.42727e-07, -0.253287, 0.967391, 0, 1.63894, -2.73054, 114.041, 1},
						{1.43051e-06, -0.967391, -0.253287, 0, 1, 1.49012e-06, 5.96046e-08, 0, 3.27826e-07, -0.253287, 0.967391, 0, 0.742973, -6.09608, 119.566, 1},
						{1.43051e-06, -0.967391, -0.253287, 0, 1, 1.49012e-06, 7.45058e-08, 0, 3.12924e-07, -0.253287, 0.967391, 0, -0.15868, -8.95362, 122.274, 1},
						{1.43051e-06, -0.967391, -0.253287, 0, 1, 1.49012e-06, 5.96046e-08, 0, 3.27826e-07, -0.253287, 0.967391, 0, -0.948544, -10.1601, 123.859, 1},
						{1.43051e-06, -0.967391, -0.253287, 0, 1, 1.49012e-06, 5.96046e-08, 0, 3.27826e-07, -0.253287, 0.967391, 0, -1.69682, -9.40753, 123.984, 1},
						{1.43051e-06, -0.967391, -0.253287, 0, 1, 1.49012e-06, 5.96046e-08, 0, 3.27826e-07, -0.253287, 0.967391, 0, -2.49632, -7.52603, 122.176, 1},
						{1.43051e-06, -0.967391, -0.253287, 0, 1, 1.49012e-06, 7.45058e-08, 0, 3.12924e-07, -0.253287, 0.967391, 0, -3.26355, -5.08007, 118.907, 1},
						{1.43051e-06, -0.967391, -0.253287, 0, 1, 1.49012e-06, 5.96046e-08, 0, 3.27826e-07, -0.253287, 0.967391, 0, -3.91498, -2.63411, 115.269, 1},
						{1.43051e-06, -0.967391, -0.253287, 0, 1, 1.49012e-06, 4.47035e-08, 0, 3.42727e-07, -0.253287, 0.967391, 0, -4.36709, -0.752606, 109.896, 1},
						{1.43051e-06, -0.967391, -0.253287, 0, 1, 1.49012e-06, 5.96046e-08, 0, 3.27826e-07, -0.253287, 0.967391, 0, -4.53635, 0, 106.682, 1},
						{1.43051e-06, -0.967391, -0.253287, 0, 1, 1.49012e-06, 4.47035e-08, 0, 3.42727e-07, -0.253287, 0.967391, 0, -4.10603, -1.58752, 112.036, 1},
						{1.43051e-06, -0.967391, -0.253287, 0, 1, 1.49012e-06, 5.96046e-08, 0, 3.27826e-07, -0.253287, 0.967391, 0, -3.08985, -5.08007, 118.698, 1},
						{1.43051e-06, -0.967391, -0.253287, 0, 1, 1.49012e-06, 7.45058e-08, 0, 3.12924e-07, -0.253287, 0.967391, 0, -1.89997, -8.57262, 121.722, 1},
						{1.43051e-06, -0.967391, -0.253287, 0, 1, 1.49012e-06, 5.96046e-08, 0, 3.27826e-07, -0.253287, 0.967391, 0, -0.948544, -10.1601, 123.619, 1},
						{1.43051e-06, -0.967391, -0.253287, 0, 1, 1.49012e-06, 5.96046e-08, 0, 3.27826e-07, -0.253287, 0.967391, 0, -0.283799, -9.60912, 124.051, 1},
						{1.43051e-06, -0.967391, -0.253287, 0, 1, 1.49012e-06, 5.96046e-08, 0, 3.27826e-07, -0.253287, 0.967391, 0, 0.326896, -8.17112, 122.543, 1},
						{1.43051e-06, -0.967391, -0.253287, 0, 1, 1.49012e-06, 7.45058e-08, 0, 3.12924e-07, -0.253287, 0.967391, 0, 0.892673, -6.16866, 119.569, 1},
						{1.43051e-06, -0.967391, -0.253287, 0, 1, 1.49012e-06, 5.96046e-08, 0, 3.27826e-07, -0.253287, 0.967391, 0, 1.42266, -3.92428, 116.222, 1},
						{1.43051e-06, -0.967391, -0.253287, 0, 1, 1.49012e-06, 4.47035e-08, 0, 3.42727e-07, -0.253287, 0.967391, 0, 1.92597, -1.76056, 112.087, 1},
						{1.43051e-06, -0.967391, -0.253287, 0, 1, 1.49012e-06, 5.96046e-08, 0, 3.27826e-07, -0.253287, 0.967391, 0, 2.41174, -0, 108.2, 1},
						{1.43051e-06, -0.967391, -0.253287, 0, 1, 1.49012e-06, 5.96046e-08, 0, 3.27826e-07, -0.253287, 0.967391, 0, 2.41174, -0, 108.2, 1},
						{1.72853e-06, -0.974481, -0.224471, 0, 1, 1.72853e-06, 6.70552e-08, 0, 3.20375e-07, -0.224471, 0.974481, 0, 1.95062, -0.00656336, 110.178, 1},
						{1.78814e-06, -0.981101, -0.193496, 0, 1, 1.78814e-06, 5.96046e-08, 0, 2.90573e-07, -0.193496, 0.981101, 0, 1.45842, -0.0135692, 112.289, 1},
						{1.84774e-06, -0.986953, -0.161011, 0, 1, 1.84774e-06, 5.21541e-08, 0, 2.45869e-07, -0.161011, 0.986953, 0, 0.945489, -0.02087, 114.489, 1},
						{1.90735e-06, -0.991814, -0.127689, 0, 1, 1.96695e-06, 5.96046e-08, 0, 1.93715e-07, -0.127689, 0.991814, 0, 0.422198, -0.0283183, 116.734, 1},
						{2.02656e-06, -0.995551, -0.0942214, 0, 1, 2.02656e-06, 4.84288e-08, 0, 1.49012e-07, -0.0942214, 0.995551, 0, -0.101092, -0.0357666, 118.978, 1},
						{2.20537e-06, -0.998119, -0.0613131, 0, 1, 2.20537e-06, 3.35276e-08, 0, 1.00583e-07, -0.0613131, 0.998119, 0, -0.61402, -0.0430674, 121.178, 1},
						{2.32458e-06, -0.99956, -0.0296711, 0, 1, 2.32458e-06, 1.86265e-08, 0, 5.02914e-08, -0.0296711, 0.99956, 0, -1.10622, -0.0500733, 123.289, 1},
						{2.38419e-06, -1, 0, 0, 1, 2.38419e-06, 0, 0, 0, -0, 1, 0, -1.56734, -0.0566366, 125.267, 1},
						{2.38419e-06, -1, 0, 0, 1, 2.38419e-06, 0, 0, 0, -0, 1, 0, -1.56734, -0.0566366, 125.267, 1},
						{2.38419e-06, -1, 0, 0, 1, 2.38419e-06, 0, 0, 0, -0, 1, 0, -1.3129, -0.0566366, 126.686, 1},
						{2.38419e-06, -1, 0, 0, 1, 2.38419e-06, 0, 0, 0, -0, 1, 0, -1.02942, -0.0566366, 128.442, 1},
						{2.563e-06, -1, 0, 0, 1, 2.563e-06, 0, 0, 0, -0, 1, 0, -0.723185, -0.0566366, 129.914, 1},
						{2.38419e-06, -1, 0, 0, 1, 2.38419e-06, 0, 0, 0, -0, 1, 0, -0.400457, -0.0566366, 130.479, 1},
						{2.38419e-06, -1, 0, 0, 1, 2.38419e-06, 0, 0, 0, -0, 1, 0, -0.0675094, -0.0566366, 129.992, 1},
						{2.38419e-06, -1, 0, 0, 1, 2.38419e-06, 0, 0, 0, -0, 1, 0, 0.269387, -0.0566366, 128.891, 1},
						{2.38419e-06, -1, 0, 0, 1, 2.38419e-06, 0, 0, 0, -0, 1, 0, 0.60396, -0.0566366, 127.426, 1},
						{2.38419e-06, -1, 0, 0, 1, 2.38419e-06, 0, 0, 0, -0, 1, 0, 0.929939, -0.0566366, 125.847, 1},
						{2.38419e-06, -1, 0, 0, 1, 2.38419e-06, 0, 0, 0, -0, 1, 0, 1.24105, -0.0566366, 124.404, 1},
						{2.38419e-06, -1, 0, 0, 1, 2.38419e-06, 0, 0, 0, -0, 1, 0, 1.53103, -0.0566366, 122.675, 1},
						{2.38419e-06, -1, 0, 0, 1, 2.38419e-06, 0, 0, 0, -0, 1, 0, 1.79361, -0.0566366, 120.861, 1},
						{2.38419e-06, -1, 0, 0, 1, 2.38419e-06, 0, 0, 0, -0, 1, 0, 2.0225, -0.0566366, 120.143, 1},
						{2.563e-06, -1, 0, 0, 1, 2.563e-06, 0, 0, 0, -0, 1, 0, 2.21144, -0.0566366, 120.938, 1},
						{2.38419e-06, -1, 0, 0, 1, 2.38419e-06, 0, 0, 0, -0, 1, 0, 2.35417, -0.0566366, 122.526, 1},
						{2.38419e-06, -1, 0, 0, 1, 2.38419e-06, 0, 0, 0, -0, 1, 0, 2.4444, -0.0566366, 124.376, 1},
						{2.38419e-06, -1, 0, 0, 1, 2.38419e-06, 0, 0, 0, -0, 1, 0, 2.47587, -0.0566366, 125.957, 1},
						{2.38419e-06, -1, 0, 0, 1, 2.38419e-06, 0, 0, 0, -0, 1, 0, 2.4444, -0.0566366, 127.379, 1},
						{2.38419e-06, -1, 0, 0, 1, 2.38419e-06, 0, 0, 0, -0, 1, 0, 2.35417, -0.0566366, 128.84, 1},
						{2.563e-06, -1, 0, 0, 1, 2.563e-06, 0, 0, 0, -0, 1, 0, 2.21144, -0.0566366, 129.945, 1},
						{2.38419e-06, -1, 0, 0, 1, 2.38419e-06, 0, 0, 0, -0, 1, 0, 2.0225, -0.0566366, 130.294, 1},
						{2.38419e-06, -1, 0, 0, 1, 2.38419e-06, 0, 0, 0, -0, 1, 0, 1.79361, -0.0566366, 129.811, 1},
						{2.38419e-06, -1, 0, 0, 1, 2.38419e-06, 0, 0, 0, -0, 1, 0, 1.53103, -0.0566366, 128.807, 1},
						{2.38419e-06, -1, 0, 0, 1, 2.38419e-06, 0, 0, 0, -0, 1, 0, 1.24105, -0.0566366, 127.466, 1},
						{2.38419e-06, -1, 0, 0, 1, 2.38419e-06, 0, 0, 0, -0, 1, 0, 0.929939, -0.0566366, 125.974, 1},
						{2.38419e-06, -1, 0, 0, 1, 2.38419e-06, 0, 0, 0, -0, 1, 0, 0.60396, -0.0566366, 124.516, 1},
						{2.38419e-06, -1, 0, 0, 1, 2.38419e-06, 0, 0, 0, -0, 1, 0, 0.269387, -0.0566366, 122.519, 1},
						{2.38419e-06, -1, 0, 0, 1, 2.38419e-06, 0, 0, 0, -0, 1, 0, -0.0675094, -0.0566366, 120.274, 1},
						{2.38419e-06, -1, 0, 0, 1, 2.38419e-06, 0, 0, 0, -0, 1, 0, -0.400457, -0.0566366, 119.267, 1},
						{2.563e-06, -1, 0, 0, 1, 2.563e-06, 0, 0, 0, -0, 1, 0, -0.723185, -0.0566366, 120.04, 1},
						{2.38419e-06, -1, 0, 0, 1, 2.38419e-06, 0, 0, 0, -0, 1, 0, -1.02942, -0.0566366, 121.721, 1},
						{2.38419e-06, -1, 0, 0, 1, 2.38419e-06, 0, 0, 0, -0, 1, 0, -1.3129, -0.0566366, 123.675, 1},
						{2.38419e-06, -1, 0, 0, 1, 2.38419e-06, 0, 0, 0, -0, 1, 0, -1.56734, -0.0566366, 125.267, 1},
						{2.38419e-06, -1, 0, 0, 1, 2.38419e-06, 0, 0, 0, -0, 1, 0, -1.56734, -0.0566366, 125.267, 1},
						{-0.053528, -0.998548, -0.00602247, 0, 0.998566, -0.0535215, -0.00122902, 0, 0.000904899, -0.00607962, 0.999981, 0, -1.74847, -2.46738, 125.526, 1},
						{-0.112418, -0.993581, -0.0125807, 0, 0.99366, -0.112389, -0.00295704, 0, 0.00152412, -0.0128334, 0.999916, 0, -1.94834, -5.12755, 125.811, 1},
						{-0.173646, -0.984619, -0.0193237, 0, 0.984807, -0.173578, -0.00517754, 0, 0.00174375, -0.0199291, 0.9998, 0, -2.15758, -7.91238, 126.109, 1},
						{-0.23421, -0.971841, -0.0259154, 0, 0.972185, -0.234085, -0.00781047, 0, 0.00152412, -0.0270239, 0.999634, 0, -2.36681, -10.6972, 126.408, 1},
						{-0.291226, -0.956117, -0.0320475, 0, 0.956654, -0.291031, -0.0107013, 0, 0.000904893, -0.0337748, 0.999429, 0, -2.56668, -13.3574, 126.693, 1},
						{-0.342019, -0.938946, -0.0374471, 0, 0.939693, -0.341747, -0.0136296, 0, -7.45058e-09, -0.0398504, 0.999206, 0, -2.74781, -15.7681, 126.951, 1},
						{-0.342019, -0.938946, -0.0374471, 0, 0.939693, -0.341747, -0.0136296, 0, -7.45058e-09, -0.0398504, 0.999206, 0, -2.74781, -15.7681, 126.951, 1},
						{-0.372112, -0.927754, -0.0283644, 0, 0.928078, -0.371423, -0.0267727, 0, 0.0143032, -0.0362868, 0.999239, 0, -3.22819, -14.2578, 126.982, 1},
						{-0.404829, -0.914237, -0.0168594, 0, 0.913837, -0.403872, -0.0423101, 0, 0.0318725, -0.0325351, 0.998962, 0, -3.80923, -12.3005, 127.044, 1},
						{-0.4385, -0.898718, -0.00483248, 0, 0.897373, -0.437535, -0.0573057, 0, 0.0493873, -0.0294651, 0.998345, 0, -4.3874, -10.4337, 127.09, 1},
						{-0.471671, -0.881757, 0.00556567, 0, 0.879488, -0.470892, -0.0690123, 0, 0.0634729, -0.0276561, 0.9976, 0, -4.85916, -9.19522, 127.074, 1},
						{-0.503106, -0.864142, 0.0119511, 0, 0.861326, -0.502503, -0.0748974, 0, 0.0707275, -0.0273876, 0.99712, 0, -5.12098, -9.12263, 126.949, 1},
						{-0.533754, -0.845597, 0.00855251, 0, 0.843319, -0.53301, -0.0686536, 0, 0.0626119, -0.0294316, 0.997604, 0, -4.91929, -11.7585, 126.56, 1},
						{-0.563307, -0.82624, -0.00365414, 0, 0.825207, -0.56237, -0.0526623, 0, 0.0414567, -0.0326805, 0.998606, 0, -4.32616, -16.6373, 125.956, 1},
						{-0.589127, -0.807873, -0.0164551, 0, 0.807785, -0.588307, -0.0371283, 0, 0.0203143, -0.0351655, 0.999175, 0, -3.72649, -21.2848, 125.394, 1},
						{-0.610881, -0.791174, -0.0294599, 0, 0.791723, -0.610476, -0.0222475, 0, -0.00038289, -0.0369146, 0.999318, 0, -3.10037, -25.3308, 124.918, 1},
						{-0.622277, -0.781901, -0.0374471, 0, 0.782695, -0.622256, -0.0136296, 0, -0.0126447, -0.0377911, 0.999206, 0, -2.74781, -27.6574, 124.684, 1},
						{-0.624576, -0.780082, -0.0371095, 0, 0.780879, -0.624505, -0.0148886, 0, -0.0115608, -0.0382771, 0.9992, 0, -2.87362, -27.8523, 124.727, 1},
						{-0.625983, -0.778998, -0.0361648, 0, 0.779787, -0.625796, -0.0176769, 0, -0.00886151, -0.0392662, 0.999189, 0, -3.08731, -27.9075, 124.788, 1},
						{-0.626649, -0.778529, -0.0346874, 0, 0.779286, -0.626298, -0.0215415, 0, -0.00495402, -0.0405303, 0.999166, 0, -3.36085, -27.8328, 124.868, 1},
						{-0.626724, -0.778553, -0.032755, 0, 0.779242, -0.626183, -0.0260308, 0, -0.000244297, -0.0418382, 0.999124, 0, -3.66622, -27.638, 124.963, 1},
						{-0.626355, -0.778944, -0.0304456, 0, 0.779523, -0.625621, -0.0306936, 0, 0.00486119, -0.0429582, 0.999065, 0, -3.97537, -27.3332, 125.072, 1},
						{-0.625691, -0.779574, -0.0278355, 0, 0.780007, -0.624786, -0.0350787, 0, 0.00995515, -0.0436603, 0.998997, 0, -4.26027, -26.928, 125.195, 1},
						{-0.624886, -0.780316, -0.0249984, 0, 0.780579, -0.623856, -0.038734, 0, 0.0146293, -0.0437176, 0.998937, 0, -4.49289, -26.4324, 125.33, 1},
						{-0.624096, -0.781038, -0.0220053, 0, 0.78113, -0.623008, -0.0412068, 0, 0.0184746, -0.042906, 0.998908, 0, -4.64517, -25.8563, 125.474, 1},
						{-0.62348, -0.781611, -0.018925, 0, 0.781555, -0.622418, -0.0420432, 0, 0.0210821, -0.041004, 0.998937, 0, -4.68911, -25.2095, 125.627, 1},
						{-0.623201, -0.781901, -0.0158263, 0, 0.781751, -0.622256, -0.0407875, 0, 0.0220437, -0.0377911, 0.999043, 0, -4.59664, -24.5019, 125.788, 1},
						{-0.622277, -0.78279, -0.00349254, 0, 0.782695, -0.622262, 0.0133771, 0, -0.0126447, 0.00559064, 0.999904, 0, -0.877785, -19.5751, 126.482, 1},
						{-0.63396, -0.773338, -0.00650052, 0, 0.773213, -0.63398, 0.0144916, 0, -0.0153281, 0.00416079, 0.999874, 0, -0.754808, -19.8173, 126.391, 1},
						{-0.648371, -0.761253, -0.0104776, 0, 0.761146, -0.648455, 0.0127486, 0, -0.0164992, 0.000290846, 0.999864, 0, -0.780986, -20.4367, 126.245, 1},
						{-0.663868, -0.747699, -0.0150373, 0, 0.747666, -0.664016, 0.00882529, 0, -0.0165837, -0.00538409, 0.999848, 0, -0.932702, -21.2996, 126.063, 1},
						{-0.678903, -0.733961, -0.0198191, 0, 0.734055, -0.679082, 0.00342669, 0, -0.0159738, -0.0122219, 0.999798, 0, -1.18634, -22.2721, 125.863, 1},
						{-0.692032, -0.721451, -0.02451, 0, 0.721711, -0.692189, -0.0027095, 0, -0.0150108, -0.0195642, 0.999696, 0, -1.51829, -23.2204, 125.665, 1},
						{-0.701903, -0.711688, -0.0288524, 0, 0.712135, -0.701987, -0.00881578, 0, -0.0139799, -0.0267347, 0.999545, 0, -1.90493, -24.0108, 125.488, 1},
						{-0.707213, -0.706247, -0.0326353, 0, 0.706879, -0.707194, -0.0141025, 0, -0.0131197, -0.0330427, 0.999368, 0, -2.32264, -24.5094, 125.351, 1},
						{-0.706635, -0.706679, -0.0356697, 0, 0.707466, -0.706524, -0.0177687, 0, -0.0126447, -0.0377911, 0.999206, 0, -2.74781, -24.5825, 125.273, 1},
						{-0.695762, -0.717285, -0.0376488, 0, 0.718169, -0.695594, -0.0195531, 0, -0.0121632, -0.0406425, 0.9991, 0, -3.39203, -23.8512, 125.285, 1},
						{-0.673029, -0.738606, -0.0386392, 0, 0.739532, -0.672824, -0.0200197, 0, -0.0112107, -0.0420487, 0.999053, 0, -4.31935, -22.3136, 125.385, 1},
						{-0.641227, -0.766361, -0.0389765, 0, 0.767287, -0.641003, -0.0196354, 0, -0.00993627, -0.042497, 0.999047, 0, -5.28491, -20.4013, 125.546, 1},
						{-0.603436, -0.796457, -0.0390017, 0, 0.797366, -0.603201, -0.018873, 0, -0.00849432, -0.0424872, 0.999061, 0, -6.04382, -18.5458, 125.738, 1},
						{-0.563273, -0.825346, -0.039094, 0, 0.826241, -0.563023, -0.0181813, 0, -0.00700494, -0.0425421, 0.99907, 0, -6.35121, -17.1785, 125.932, 1},
						{-0.515434, -0.856037, -0.039092, 0, 0.856913, -0.51517, -0.0173293, 0, -0.0053045, -0.0424305, 0.999085, 0, -5.9233, -16.4601, 126.158, 1},
						{-0.456834, -0.888711, -0.0386665, 0, 0.889546, -0.456564, -0.0160544, 0, -0.00338597, -0.0417298, 0.999123, 0, -4.90985, -16.1246, 126.433, 1},
						{-0.395843, -0.917531, -0.0380261, 0, 0.918317, -0.395572, -0.0147152, 0, -0.00154039, -0.0407449, 0.999168, 0, -3.71623, -15.9635, 126.712, 1},
						{-0.342019, -0.938946, -0.0374471, 0, 0.939693, -0.341747, -0.0136296, 0, -7.45058e-09, -0.0398504, 0.999206, 0, -2.74781, -15.7681, 126.951, 1},
						{-0.342019, -0.938946, -0.0374471, 0, 0.939693, -0.341747, -0.0136296, 0, -7.45058e-09, -0.0398504, 0.999206, 0, -2.74781, -15.7681, 126.951, 1},
						{-0.342019, -0.938947, -0.0374471, 0, 0.939693, -0.341747, -0.0136296, 0, -7.45058e-09, -0.0398504, 0.999206, 0, -2.74781, -15.7681, 126.951, 1},
						{-0.342019, -0.938947, -0.0374471, 0, 0.939693, -0.341748, -0.0136296, 0, -9.31323e-09, -0.0398504, 0.999206, 0, -2.74781, -15.7681, 126.951, 1},
						{-0.342019, -0.938947, -0.0374471, 0, 0.939693, -0.341747, -0.0136296, 0, -9.31323e-09, -0.0398504, 0.999206, 0, -2.74781, -15.7681, 126.951, 1},
						{-0.342019, -0.938947, -0.0374471, 0, 0.939693, -0.341747, -0.0136296, 0, -9.31323e-09, -0.0398504, 0.999206, 0, -2.74781, -15.7681, 126.951, 1},
						{-0.342019, -0.938947, -0.0374471, 0, 0.939693, -0.341747, -0.0136296, 0, -7.45058e-09, -0.0398504, 0.999206, 0, -2.74781, -15.7681, 126.951, 1},
						{-0.342019, -0.938947, -0.0374471, 0, 0.939693, -0.341747, -0.0136296, 0, -5.58794e-09, -0.0398504, 0.999206, 0, -2.74781, -15.7681, 126.951, 1},
						{-0.342019, -0.938947, -0.0374471, 0, 0.939693, -0.341747, -0.0136296, 0, -3.72529e-09, -0.0398504, 0.999206, 0, -2.74781, -15.7681, 126.951, 1},
						{-0.342019, -0.938947, -0.0374471, 0, 0.939693, -0.341747, -0.0136296, 0, 0, -0.0398504, 0.999206, 0, -2.74781, -15.7681, 126.951, 1},
						{-0.342019, -0.938947, -0.0374471, 0, 0.939693, -0.341747, -0.0136296, 0, -3.72529e-09, -0.0398504, 0.999206, 0, -2.74781, -15.7681, 126.951, 1},
						{-0.342019, -0.938947, -0.0374471, 0, 0.939693, -0.341747, -0.0136296, 0, -5.58794e-09, -0.0398504, 0.999206, 0, -2.74781, -15.7681, 126.951, 1},
						{-0.342019, -0.938947, -0.0374471, 0, 0.939693, -0.341747, -0.0136296, 0, -5.58794e-09, -0.0398504, 0.999206, 0, -2.74781, -15.7681, 126.951, 1},
						{-0.308907, -0.950438, -0.0352731, 0, 0.951088, -0.308575, -0.0146338, 0, 0.00302411, -0.0380683, 0.999271, 0, -2.53228, -12.6384, 126.134, 1},
						{-0.271544, -0.961728, -0.0366447, 0, 0.962409, -0.271114, -0.0163278, 0, 0.00576802, -0.0397009, 0.999195, 0, -2.29435, -9.1834, 125.286, 1},
						{-0.232025, -0.971975, -0.0377965, 0, 0.97267, -0.231491, -0.0180025, 0, 0.00874838, -0.0409406, 0.999123, 0, -2.0419, -5.51764, 124.393, 1},
						{-0.192529, -0.98067, -0.0349171, 0, 0.981216, -0.191951, -0.0192514, 0, 0.0121769, -0.0379677, 0.999205, 0, -1.78278, -1.75508, 123.441, 1},
						{-0.155285, -0.987574, -0.024167, 0, 0.987741, -0.154823, -0.0199617, 0, 0.0159721, -0.0269704, 0.999509, 0, -1.52489, 1.98976, 122.417, 1},
						{-0.122535, -0.992463, -0.00170186, 0, 0.992266, -0.122476, -0.0202154, 0, 0.0198546, -0.0041658, 0.999794, 0, -1.27607, 5.6028, 121.306, 1},
						{-0.095192, -0.994088, 0.0522345, 0, 0.995158, -0.0963217, -0.0195476, 0, 0.0244633, 0.0501208, 0.998444, 0, -1.04418, 8.96992, 119.801, 1},
						{-0.0730069, -0.988291, 0.13398, 0, 0.996916, -0.0761937, -0.018808, 0, 0.0287962, 0.132194, 0.990806, 0, -0.837122, 11.9766, 117.956, 1},
						{-0.0567541, -0.975585, 0.212162, 0, 0.997891, -0.0621357, -0.0187793, 0, 0.0315036, 0.210649, 0.977054, 0, -0.662731, 14.5089, 116.3, 1},
						{-0.0474635, -0.965337, 0.256654, 0, 0.998345, -0.054202, -0.0192402, 0, 0.0324844, 0.255316, 0.966312, 0, -0.528893, 16.4524, 115.357, 1},
						{-0.0430377, -0.961346, 0.271959, 0, 0.998541, -0.0502737, -0.0196922, 0, 0.0326034, 0.270715, 0.962107, 0, -0.438967, 17.6785, 115.076, 1},
						{-0.0404685, -0.958487, 0.282251, 0, 0.998648, -0.0480258, -0.0199057, 0, 0.0326347, 0.281064, 0.959134, 0, -0.386666, 18.2345, 115.014, 1},
						{-0.0394297, -0.95677, 0.28816, 0, 0.998689, -0.0471523, -0.0199052, 0, 0.0326321, 0.286998, 0.957375, 0, -0.365378, 18.2694, 115.113, 1},
						{-0.0395939, -0.956117, 0.290296, 0, 0.998683, -0.0473504, -0.019741, 0, 0.0326204, 0.289133, 0.956733, 0, -0.368484, 17.9323, 115.317, 1},
						{-0.0406324, -0.95639, 0.289253, 0, 0.998642, -0.0483189, -0.0194793, 0, 0.0326062, 0.288068, 0.957055, 0, -0.389369, 17.3725, 115.569, 1},
						{-0.0422177, -0.957415, 0.285611, 0, 0.998577, -0.0497586, -0.0191938, 0, 0.032588, 0.284395, 0.958153, 0, -0.421415, 16.739, 115.814, 1},
						{-0.0440212, -0.959005, 0.27995, 0, 0.9985, -0.0513687, -0.0189592, 0, 0.0325627, 0.278696, 0.959827, 0, -0.458007, 16.1811, 115.993, 1},
						{-0.0457152, -0.96097, 0.272849, 0, 0.998425, -0.0528481, -0.0188467, 0, 0.0325307, 0.271558, 0.961872, 0, -0.492528, 15.848, 116.052, 1},
						{-0.046972, -0.963134, 0.264888, 0, 0.998367, -0.0538942, -0.0189211, 0, 0.0324995, 0.263567, 0.964094, 0, -0.518362, 15.8887, 115.932, 1},
						{-0.0474635, -0.965337, 0.256654, 0, 0.998345, -0.054202, -0.0192403, 0, 0.0324845, 0.255316, 0.966312, 0, -0.528893, 16.4524, 115.577, 1},
						{-0.0449464, -0.968281, 0.245787, 0, 0.998474, -0.0514456, -0.0200827, 0, 0.0320904, 0.244509, 0.969116, 0, -0.536296, 26.0768, 112.435, 1},
						{-0.0388222, -0.972346, 0.230297, 0, 0.998759, -0.0449551, -0.0214416, 0, 0.0312017, 0.229178, 0.972884, 0, -0.53471, 24.8599, 109.47, 1},
						{-0.0312383, -0.976913, 0.211343, 0, 0.999055, -0.0369143, -0.0229641, 0, 0.0302355, 0.210426, 0.977142, 0, -0.53091, 23.0239, 109.575, 1},
						{-0.0243559, -0.98146, 0.190112, 0, 0.999267, -0.0295193, -0.0243747, 0, 0.0295348, 0.189379, 0.98146, 0, -0.52633, 20.7122, 110.101, 1},
						{-0.0203518, -0.985608, 0.16782, 0, 0.999362, -0.0249794, -0.0255094, 0, 0.0293343, 0.167194, 0.985488, 0, -0.522403, 18.0681, 110.95, 1},
						{-0.0214121, -0.989095, 0.145714, 0, 0.999328, -0.0255116, -0.026323, 0, 0.0297533, 0.145052, 0.988977, 0, -0.520566, 15.235, 112.028, 1},
						{-0.0297241, -0.991704, 0.125058, 0, 0.999083, -0.0333334, -0.026868, 0, 0.0308137, 0.124145, 0.991786, 0, -0.52225, 12.3562, 113.239, 1},
						{-0.0474635, -0.993111, 0.10713, 0, 0.998345, -0.0506527, -0.0272457, 0, 0.0324845, 0.10566, 0.993872, 0, -0.528893, 9.57511, 114.486, 1},
						{-0.084057, -0.992204, 0.092012, 0, 0.995821, -0.0869529, -0.0279237, 0, 0.0357067, 0.0892803, 0.995366, 0, -0.519668, 6.64144, 115.925, 1},
						{-0.140698, -0.986922, 0.0786662, 0, 0.989234, -0.143368, -0.0293578, 0, 0.0402521, 0.0736887, 0.996469, 0, -0.489513, 3.35799, 117.661, 1},
						{-0.207045, -0.976058, 0.066663, 0, 0.977315, -0.209455, -0.0313804, 0, 0.044592, 0.0586535, 0.997282, 0, -0.463503, -0.052748, 119.529, 1},
						{-0.272822, -0.960463, 0.0554947, 0, 0.960891, -0.274884, -0.0335882, 0, 0.0475148, 0.0441608, 0.997894, 0, -0.466711, -3.36806, 121.366, 1},
						{-0.328268, -0.943534, 0.0445473, 0, 0.943358, -0.329879, -0.0354182, 0, 0.0481136, 0.0303974, 0.998379, 0, -0.524211, -6.36523, 123.004, 1},
						{-0.364375, -0.930663, 0.0331192, 0, 0.930127, -0.365453, -0.0361692, 0, 0.0457648, 0.0176259, 0.998797, 0, -0.66108, -8.82175, 124.279, 1},
						{-0.379551, -0.924933, 0.0209946, 0, 0.924289, -0.380082, -0.0350463, 0, 0.0403952, 0.00610323, 0.999165, 0, -0.902661, -10.6651, 125.145, 1},
						{-0.381086, -0.924499, 0.00862044, 0, 0.923952, -0.38116, -0.0320837, 0, 0.0329471, -0.00426177, 0.999448, 0, -1.23396, -12.0589, 125.726, 1},
						{-0.373553, -0.927601, -0.00369274, 0, 0.927288, -0.373317, -0.0277768, 0, 0.0243872, -0.0138004, 0.999607, 0, -1.61955, -13.1346, 126.108, 1},
						{-0.361461, -0.932256, -0.0156362, 0, 0.932258, -0.36108, -0.0227458, 0, 0.015559, -0.0227987, 0.999619, 0, -2.02401, -14.0238, 126.381, 1},
						{-0.349388, -0.93659, -0.0269512, 0, 0.93695, -0.349012, -0.0177405, 0, 0.00720929, -0.0314502, 0.999479, 0, -2.4119, -14.8578, 126.632, 1},
						{-0.342019, -0.938946, -0.0374471, 0, 0.939693, -0.341747, -0.0136296, 0, -7.45058e-09, -0.0398504, 0.999206, 0, -2.74781, -15.7681, 126.951, 1},
						{-0.342019, -0.938946, -0.0374471, 0, 0.939693, -0.341747, -0.0136296, 0, -7.45058e-09, -0.0398504, 0.999206, 0, -2.74781, -15.7681, 126.951, 1},
						{-0.342019, -0.938946, -0.0374471, 0, 0.939693, -0.341748, -0.0136296, 0, -9.31323e-09, -0.0398504, 0.999206, 0, -2.74781, -15.7681, 126.951, 1},
						{-0.342019, -0.938947, -0.0374471, 0, 0.939693, -0.341747, -0.0136296, 0, -5.58794e-09, -0.0398504, 0.999206, 0, -2.74781, -15.7681, 126.951, 1},
						{-0.342019, -0.938947, -0.0374471, 0, 0.939693, -0.341747, -0.0136296, 0, -5.58794e-09, -0.0398504, 0.999206, 0, -2.74781, -15.7681, 126.951, 1},
						{-0.342019, -0.938946, -0.0374471, 0, 0.939693, -0.341747, -0.0136296, 0, -7.45058e-09, -0.0398504, 0.999206, 0, -2.74781, -15.7681, 126.951, 1},
						{-0.342019, -0.938947, -0.0374471, 0, 0.939693, -0.341748, -0.0136296, 0, -9.31323e-09, -0.0398504, 0.999206, 0, -2.74781, -15.7681, 126.951, 1},
						{-0.342019, -0.938947, -0.0374471, 0, 0.939693, -0.341747, -0.0136296, 0, -5.58794e-09, -0.0398504, 0.999206, 0, -2.74781, -15.7681, 126.951, 1},
						{-0.342019, -0.938947, -0.0374471, 0, 0.939693, -0.341747, -0.0136296, 0, -3.72529e-09, -0.0398504, 0.999206, 0, -2.74781, -15.7681, 126.951, 1},
						{-0.342019, -0.938947, -0.0374471, 0, 0.939693, -0.341747, -0.0136296, 0, -5.58794e-09, -0.0398504, 0.999206, 0, -2.74781, -15.7681, 126.951, 1},
						{-0.342019, -0.938947, -0.0374471, 0, 0.939693, -0.341747, -0.0136296, 0, -5.58794e-09, -0.0398504, 0.999206, 0, -2.74781, -15.7681, 126.951, 1},
						{-0.342019, -0.938947, -0.0374471, 0, 0.939693, -0.341747, -0.0136296, 0, -5.58794e-09, -0.0398504, 0.999206, 0, -2.74781, -15.7681, 126.951, 1},
						{-0.342019, -0.938947, -0.0374471, 0, 0.939693, -0.341747, -0.0136296, 0, -5.58794e-09, -0.0398504, 0.999206, 0, -2.74781, -15.7681, 126.951, 1},
						{-0.342019, -0.938947, -0.0374471, 0, 0.939693, -0.341747, -0.0136296, 0, -5.58794e-09, -0.0398504, 0.999206, 0, -2.74781, -15.7681, 126.951, 1},
